['2021-11-17 16:20:31', [6, 30, 41, 11, 8, 8, 18, 4, 25, 42]]
['2021-11-17 16:20:33', [25, 38, 3, 44, 16, 8, 45, 46, 31, 10]]
['2021-11-17 16:20:38', [42, 27, 3, 7, 22, 4, 36, 44, 30, 29]]
['2021-11-17 16:20:41', [26, 2, 11, 2, 25, 33, 28, 17, 38, 5]]
['2021-11-17 16:20:43', [27, 6, 29, 9, 29, 42, 24, 24, 19, 2]]
['2021-11-17 16:20:46', [23, 36, 26, 29, 32, 13, 20, 17, 2, 19]]
['2021-11-17 16:20:49', [41, 26, 29, 44, 5, 24, 8, 47, 29, 36]]
['2021-11-17 16:20:52', [26, 15, 6, 42, 9, 18, 34, 49, 4, 20]]
['2021-11-17 16:20:54', [34, 32, 24, 38, 24, 7, 19, 40, 13, 26]]
['2021-11-17 16:20:59', [15, 12, 45, 37, 13, 34, 44, 14, 30, 31]]
['2021-11-17 16:21:01', [32, 24, 45, 36, 23, 18, 35, 14, 38, 26]]
['2021-11-17 16:21:08', [32, 24, 34, 21, 22, 5, 4, 13, 31, 16]]
['2021-11-17 16:21:13', [49, 31, 1, 48, 49, 17, 22, 39, 21, 36]]
['2021-11-17 16:21:16', [24, 17, 2, 29, 17, 8, 13, 22, 24, 31]]
['2021-11-17 16:21:18', [34, 21, 3, 8, 19, 45, 17, 26, 14, 12]]
['2021-11-17 16:21:21', [46, 33, 26, 47, 18, 45, 2, 14, 31, 47]]
['2021-11-17 16:21:23', [35, 15, 19, 42, 36, 6, 37, 38, 20, 39]]
['2021-11-17 16:21:26', [1, 27, 9, 26, 39, 21, 17, 41, 6, 15]]
['2021-11-17 16:21:28', [16, 16, 19, 39, 41, 9, 32, 3, 26, 46]]
['2021-11-17 16:21:32', [25, 46, 5, 3, 37, 37, 26, 18, 2, 28]]
['2021-11-17 16:21:35', [21, 2, 26, 16, 18, 25, 30, 3, 18, 9]]
['2021-11-17 16:21:37', [4, 10, 32, 11, 7, 19, 5, 32, 25, 13]]
['2021-11-17 16:21:40', [12, 32, 41, 40, 40, 28, 35, 31, 18, 49]]
['2021-11-17 16:21:43', [2, 22, 16, 46, 21, 22, 13, 22, 6, 15]]
['2021-11-17 16:21:47', [28, 49, 31, 33, 21, 36, 36, 47, 31, 13]]
['2021-11-17 16:21:50', [31, 29, 4, 28, 19, 33, 25, 42, 28, 8]]
['2021-11-17 16:21:53', [43, 46, 11, 15, 40, 37, 39, 23, 32, 48]]
['2021-11-17 16:21:55', [35, 24, 31, 18, 39, 32, 23, 5, 7, 33]]
['2021-11-17 16:21:58', [38, 9, 9, 16, 37, 8, 14, 40, 43, 43]]
['2021-11-17 16:22:00', [30, 25, 25, 38, 43, 33, 7, 28, 3, 14]]
['2021-11-17 16:22:10', [22, 30, 49, 34, 48, 41, 14, 14, 23, 42]]
['2021-11-17 16:22:12', [2, 22, 29, 28, 36, 33, 14, 37, 48, 26]]
['2021-11-17 16:22:15', [40, 10, 40, 30, 39, 5, 15, 26, 13, 10]]
['2021-11-17 16:22:17', [31, 24, 41, 35, 10, 10, 24, 11, 48, 12]]
['2021-11-17 16:22:22', [11, 47, 27, 18, 45, 16, 33, 27, 20, 12]]
['2021-11-17 16:22:24', [13, 43, 29, 26, 38, 38, 44, 40, 5, 15]]
['2021-11-17 16:22:27', [18, 1, 43, 18, 42, 32, 31, 36, 4, 31]]
['2021-11-17 16:22:30', [27, 47, 16, 20, 32, 38, 22, 16, 10, 48]]
['2021-11-17 16:22:33', [8, 7, 8, 49, 14, 25, 34, 42, 7, 21]]
['2021-11-17 16:22:35', [44, 4, 14, 45, 33, 11, 16, 5, 49, 2]]
['2021-11-17 16:22:38', [37, 6, 23, 2, 4, 47, 11, 21, 39, 39]]
['2021-11-17 16:22:41', [26, 27, 1, 1, 43, 15, 31, 44, 16, 2]]
['2021-11-17 16:22:45', [13, 35, 39, 37, 17, 48, 13, 49, 49, 30]]
['2021-11-17 16:22:48', [38, 29, 27, 22, 37, 31, 12, 27, 33, 32]]
['2021-11-17 16:22:50', [12, 45, 18, 48, 26, 29, 45, 34, 39, 38]]
['2021-11-17 16:22:55', [29, 28, 24, 2, 47, 34, 41, 24, 11, 27]]
['2021-11-17 16:22:58', [16, 30, 15, 22, 31, 3, 38, 8, 36, 45]]
['2021-11-17 16:23:01', [36, 6, 14, 34, 5, 41, 14, 12, 18, 6]]
['2021-11-17 16:23:06', [1, 30, 15, 2, 6, 18, 9, 16, 46, 23]]
['2021-11-17 16:23:09', [23, 14, 1, 49, 43, 30, 23, 49, 5, 49]]
['2021-11-17 16:23:11', [22, 21, 19, 2, 35, 39, 36, 43, 10, 48]]
['2021-11-17 16:23:14', [18, 41, 45, 3, 22, 7, 23, 35, 11, 44]]
['2021-11-17 16:23:18', [5, 16, 25, 16, 5, 2, 23, 46, 28, 16]]
['2021-11-17 16:23:21', [19, 26, 12, 29, 17, 18, 26, 7, 5, 23]]
['2021-11-17 16:23:24', [41, 30, 5, 17, 30, 14, 3, 28, 6, 9]]
['2021-11-17 16:23:28', [42, 29, 25, 28, 35, 13, 26, 47, 14, 27]]
['2021-11-17 16:23:31', [27, 15, 12, 22, 45, 15, 41, 31, 44, 15]]
['2021-11-17 16:23:34', [20, 22, 6, 48, 16, 37, 22, 30, 1, 30]]
['2021-11-17 16:23:37', [9, 47, 37, 47, 6, 14, 22, 8, 36, 37]]
['2021-11-17 16:23:39', [33, 7, 37, 29, 14, 36, 45, 40, 46, 15]]
['2021-11-17 16:23:42', [27, 8, 24, 29, 14, 35, 34, 1, 26, 7]]
['2021-11-17 16:23:45', [47, 2, 25, 22, 47, 23, 22, 43, 20, 18]]
['2021-11-17 16:23:48', [25, 9, 47, 4, 30, 5, 16, 13, 2, 34]]
['2021-11-17 16:23:52', [48, 8, 43, 17, 13, 35, 3, 23, 30, 5]]
['2021-11-17 16:23:54', [10, 22, 27, 32, 36, 49, 16, 8, 11, 12]]
['2021-11-17 16:23:58', [12, 45, 31, 36, 11, 47, 8, 27, 23, 44]]
['2021-11-17 16:24:02', [3, 7, 20, 32, 29, 26, 11, 47, 22, 18]]
['2021-11-17 16:24:08', [27, 29, 34, 34, 26, 13, 42, 43, 13, 40]]
['2021-11-17 16:24:12', [25, 32, 35, 7, 29, 47, 20, 41, 13, 9]]
['2021-11-17 16:24:15', [23, 13, 40, 35, 48, 23, 7, 38, 5, 11]]
['2021-11-17 16:24:18', [29, 6, 8, 3, 44, 25, 10, 43, 10, 26]]
['2021-11-17 16:24:21', [2, 12, 16, 35, 15, 2, 9, 4, 8, 47]]
['2021-11-17 16:24:26', [3, 21, 20, 49, 49, 18, 24, 38, 45, 38]]
['2021-11-17 16:24:29', [29, 48, 13, 31, 47, 26, 33, 38, 18, 27]]
['2021-11-17 16:24:32', [41, 26, 11, 36, 21, 3, 2, 23, 26, 22]]
['2021-11-17 16:24:36', [3, 14, 25, 3, 42, 35, 17, 39, 42, 15]]
['2021-11-17 16:24:40', [40, 44, 22, 19, 27, 34, 40, 23, 19, 19]]
['2021-11-17 16:24:43', [2, 14, 11, 5, 33, 44, 26, 25, 14, 49]]
['2021-11-17 16:24:45', [35, 45, 27, 23, 22, 37, 34, 8, 14, 2]]
['2021-11-17 16:24:48', [8, 11, 42, 22, 40, 25, 20, 26, 4, 20]]
['2021-11-17 16:24:51', [22, 47, 7, 29, 18, 6, 44, 11, 41, 26]]
['2021-11-17 16:24:54', [32, 43, 6, 3, 22, 30, 25, 23, 8, 32]]
['2021-11-17 16:24:56', [7, 47, 16, 44, 16, 10, 47, 42, 1, 47]]
['2021-11-17 16:25:00', [25, 18, 49, 34, 44, 25, 9, 20, 13, 41]]
['2021-11-17 16:25:10', [17, 2, 21, 3, 22, 47, 45, 11, 31, 4]]
['2021-11-17 16:25:15', [44, 4, 1, 33, 23, 20, 49, 43, 17, 33]]
['2021-11-17 16:25:20', [32, 8, 3, 20, 48, 5, 31, 28, 3, 28]]
['2021-11-17 16:25:22', [31, 10, 4, 38, 11, 24, 29, 13, 39, 41]]
['2021-11-17 16:25:25', [17, 2, 27, 1, 13, 44, 14, 12, 13, 44]]
['2021-11-17 16:25:28', [4, 1, 19, 26, 37, 21, 8, 34, 11, 17]]
['2021-11-17 16:25:34', [8, 38, 12, 34, 42, 11, 41, 26, 28, 33]]
['2021-11-17 16:25:39', [29, 47, 42, 35, 35, 14, 42, 11, 3, 5]]
['2021-11-17 16:25:42', [12, 31, 43, 11, 25, 12, 34, 38, 25, 13]]
['2021-11-17 16:25:44', [12, 13, 22, 9, 49, 49, 28, 24, 34, 24]]
['2021-11-17 16:25:47', [11, 28, 30, 31, 10, 48, 15, 21, 39, 30]]
['2021-11-17 16:25:50', [33, 21, 27, 38, 24, 35, 8, 41, 30, 5]]
['2021-11-17 16:25:54', [18, 8, 27, 21, 16, 36, 26, 37, 15, 1]]
['2021-11-17 16:25:57', [33, 20, 1, 28, 26, 43, 33, 7, 15, 29]]
['2021-11-17 16:25:59', [19, 35, 28, 37, 17, 23, 18, 3, 28, 7]]
['2021-11-17 16:26:06', [24, 28, 14, 28, 46, 24, 29, 40, 37, 14]]
['2021-11-17 16:26:13', [5, 1, 10, 6, 46, 1, 25, 15, 46, 36]]
['2021-11-17 16:26:17', [13, 43, 16, 32, 19, 6, 10, 17, 48, 2]]
['2021-11-17 16:26:20', [32, 45, 26, 5, 19, 13, 27, 8, 28, 10]]
['2021-11-17 16:26:22', [32, 17, 46, 11, 39, 17, 38, 32, 36, 15]]
['2021-11-17 16:26:25', [40, 47, 29, 46, 18, 40, 19, 19, 10, 12]]
['2021-11-17 16:26:29', [14, 46, 20, 38, 5, 10, 40, 26, 26, 31]]
['2021-11-17 16:26:33', [26, 6, 45, 27, 20, 40, 46, 27, 21, 40]]
['2021-11-17 16:26:35', [6, 35, 15, 38, 13, 41, 23, 44, 42, 38]]
['2021-11-17 16:26:38', [11, 17, 46, 4, 45, 9, 15, 13, 12, 18]]
['2021-11-17 16:26:41', [43, 47, 4, 9, 19, 24, 43, 45, 3, 12]]
['2021-11-17 16:26:44', [49, 13, 26, 49, 11, 41, 13, 17, 9, 42]]
['2021-11-17 16:26:46', [27, 19, 1, 33, 7, 31, 4, 35, 12, 42]]
['2021-11-17 16:26:50', [46, 18, 44, 3, 10, 30, 33, 35, 17, 20]]
['2021-11-17 16:26:54', [38, 14, 34, 39, 25, 2, 16, 35, 44, 5]]
['2021-11-17 16:26:57', [39, 32, 8, 11, 45, 26, 36, 49, 5, 20]]
['2021-11-17 16:27:00', [44, 26, 13, 29, 7, 46, 4, 40, 36, 7]]
['2021-11-17 16:27:13', [33, 19, 45, 31, 8, 12, 17, 26, 24, 4]]
['2021-11-17 16:27:16', [43, 34, 32, 12, 2, 42, 14, 39, 28, 11]]
['2021-11-17 16:27:19', [4, 10, 45, 48, 38, 16, 8, 26, 31, 41]]
['2021-11-17 16:27:23', [37, 49, 29, 30, 44, 12, 7, 17, 16, 22]]
['2021-11-17 16:27:27', [37, 2, 10, 20, 37, 11, 38, 36, 37, 6]]
['2021-11-17 16:27:30', [18, 18, 39, 13, 46, 49, 29, 41, 13, 43]]
['2021-11-17 16:27:33', [43, 37, 12, 14, 30, 28, 6, 13, 24, 43]]
['2021-11-17 16:27:37', [47, 23, 3, 1, 31, 6, 10, 25, 2, 32]]
['2021-11-17 16:27:40', [35, 47, 3, 31, 20, 11, 35, 10, 37, 6]]
['2021-11-17 16:27:43', [13, 24, 25, 30, 3, 4, 23, 41, 13, 19]]
['2021-11-17 16:27:45', [39, 25, 44, 10, 15, 9, 47, 39, 34, 26]]
['2021-11-17 16:27:48', [11, 1, 38, 19, 22, 45, 6, 27, 6, 32]]
['2021-11-17 16:27:51', [3, 21, 49, 49, 4, 28, 33, 20, 2, 13]]
['2021-11-17 16:27:54', [7, 19, 25, 6, 8, 43, 25, 43, 6, 44]]
['2021-11-17 16:27:56', [14, 27, 39, 36, 19, 17, 26, 1, 1, 6]]
['2021-11-17 16:28:01', [48, 12, 4, 38, 4, 32, 14, 2, 10, 26]]
['2021-11-17 16:28:03', [17, 9, 38, 39, 19, 23, 21, 25, 16, 47]]
['2021-11-17 16:28:06', [24, 33, 17, 15, 23, 3, 36, 17, 19, 27]]
['2021-11-17 16:28:10', [14, 29, 14, 49, 19, 47, 26, 41, 38, 16]]
['2021-11-17 16:28:13', [9, 36, 26, 15, 9, 18, 4, 26, 35, 39]]
['2021-11-17 16:28:14', [43, 21, 11, 44, 31, 41, 19, 42, 29, 15]]
['2021-11-17 16:28:17', [8, 40, 29, 18, 23, 3, 22, 13, 47, 36]]
['2021-11-17 16:28:19', [33, 6, 24, 40, 37, 16, 44, 30, 46, 1]]
['2021-11-17 16:28:22', [16, 19, 33, 28, 17, 6, 7, 22, 43, 45]]
['2021-11-17 16:28:25', [39, 49, 5, 45, 18, 8, 37, 28, 9, 21]]
['2021-11-17 16:28:28', [42, 36, 38, 48, 22, 37, 4, 8, 33, 9]]
['2021-11-17 16:28:29', [35, 1, 17, 25, 48, 37, 22, 9, 48, 8]]
['2021-11-17 16:28:33', [48, 35, 5, 10, 44, 4, 4, 17, 20, 31]]
['2021-11-17 16:28:36', [3, 40, 8, 8, 48, 36, 49, 33, 15, 48]]
['2021-11-17 16:28:39', [31, 40, 39, 32, 3, 26, 1, 14, 43, 49]]
['2021-11-17 16:28:42', [47, 33, 14, 16, 13, 38, 13, 21, 39, 32]]
['2021-11-17 16:28:45', [49, 40, 36, 26, 20, 11, 24, 26, 30, 1]]
['2021-11-17 16:28:47', [19, 7, 40, 34, 26, 16, 40, 35, 28, 1]]
['2021-11-17 16:28:50', [4, 29, 48, 16, 40, 20, 7, 39, 34, 17]]
['2021-11-17 16:28:53', [42, 48, 6, 31, 49, 3, 44, 14, 14, 15]]
['2021-11-17 16:28:55', [32, 3, 41, 11, 40, 34, 3, 45, 35, 34]]
['2021-11-17 16:28:58', [32, 5, 19, 39, 24, 20, 49, 33, 40, 38]]
['2021-11-17 16:29:01', [1, 49, 4, 1, 49, 46, 8, 24, 36, 2]]
['2021-11-17 16:29:04', [20, 10, 49, 13, 31, 44, 38, 31, 23, 13]]
['2021-11-17 16:29:08', [1, 42, 39, 5, 47, 31, 32, 20, 12, 45]]
['2021-11-17 16:29:16', [34, 40, 3, 21, 47, 36, 43, 21, 21, 27]]
['2021-11-17 16:29:20', [23, 2, 3, 38, 48, 15, 17, 27, 22, 47]]
['2021-11-17 16:29:23', [46, 35, 46, 6, 7, 34, 35, 9, 29, 23]]
['2021-11-17 16:29:26', [17, 45, 44, 36, 44, 42, 4, 17, 8, 46]]
['2021-11-17 16:29:29', [41, 26, 40, 49, 40, 27, 11, 12, 20, 36]]
['2021-11-17 16:29:31', [31, 49, 18, 38, 21, 32, 17, 16, 12, 31]]
['2021-11-17 16:29:34', [29, 12, 27, 18, 20, 40, 7, 15, 38, 37]]
['2021-11-17 16:29:37', [7, 7, 30, 34, 27, 5, 6, 1, 20, 40]]
['2021-11-17 16:29:40', [4, 42, 44, 27, 48, 47, 5, 16, 18, 21]]
['2021-11-17 16:29:44', [10, 15, 17, 41, 3, 24, 2, 15, 19, 22]]
['2021-11-17 16:29:46', [46, 21, 45, 28, 33, 22, 38, 32, 14, 33]]
['2021-11-17 16:29:50', [29, 22, 9, 15, 45, 9, 29, 45, 1, 10]]
['2021-11-17 16:29:53', [7, 14, 26, 3, 46, 40, 36, 31, 24, 20]]
['2021-11-17 16:29:56', [35, 34, 11, 24, 43, 45, 1, 14, 47, 31]]
['2021-11-17 16:29:59', [31, 10, 31, 38, 47, 15, 15, 22, 37, 1]]
['2021-11-17 16:30:11', [6, 10, 41, 47, 25, 22, 44, 35, 42, 10]]
['2021-11-17 16:30:16', [13, 35, 18, 13, 22, 22, 29, 16, 47, 23]]
['2021-11-17 16:30:20', [34, 7, 16, 7, 4, 31, 28, 22, 26, 31]]
['2021-11-17 16:30:23', [14, 33, 2, 5, 29, 1, 19, 22, 27, 27]]
['2021-11-17 16:30:27', [4, 32, 7, 6, 3, 44, 34, 17, 49, 11]]
['2021-11-17 16:30:30', [5, 28, 31, 18, 32, 34, 2, 10, 2, 40]]
['2021-11-17 16:30:33', [4, 24, 30, 30, 29, 19, 30, 22, 34, 20]]
['2021-11-17 16:30:36', [11, 36, 46, 36, 10, 13, 27, 21, 4, 23]]
['2021-11-17 16:30:38', [37, 47, 15, 22, 44, 28, 41, 14, 38, 44]]
['2021-11-17 16:30:41', [43, 31, 32, 13, 19, 32, 43, 38, 44, 18]]
['2021-11-17 16:30:43', [48, 12, 14, 41, 9, 48, 3, 23, 23, 45]]
['2021-11-17 16:30:46', [21, 15, 16, 36, 42, 14, 3, 34, 45, 24]]
['2021-11-17 16:30:49', [17, 28, 7, 41, 1, 28, 36, 15, 41, 24]]
['2021-11-17 16:30:53', [24, 15, 47, 13, 27, 5, 41, 28, 22, 49]]
['2021-11-17 16:30:56', [32, 9, 18, 3, 16, 48, 3, 48, 41, 47]]
['2021-11-17 16:30:59', [33, 24, 32, 11, 11, 20, 39, 1, 48, 47]]
['2021-11-17 16:31:08', [30, 32, 38, 21, 19, 34, 30, 24, 13, 28]]
['2021-11-17 16:31:11', [22, 35, 21, 43, 43, 22, 17, 44, 38, 18]]
['2021-11-17 16:31:14', [43, 18, 25, 33, 4, 14, 2, 40, 18, 37]]
['2021-11-17 16:31:17', [30, 49, 27, 15, 8, 40, 5, 45, 1, 40]]
['2021-11-17 16:31:20', [13, 25, 33, 45, 43, 22, 8, 26, 10, 21]]
['2021-11-17 16:31:23', [39, 24, 48, 16, 28, 22, 12, 18, 47, 49]]
['2021-11-17 16:31:27', [4, 42, 19, 16, 44, 23, 26, 17, 10, 27]]
['2021-11-17 16:31:30', [49, 25, 39, 37, 34, 10, 48, 3, 45, 9]]
['2021-11-17 16:31:33', [36, 5, 6, 7, 1, 8, 34, 28, 43, 48]]
['2021-11-17 16:31:36', [28, 11, 8, 18, 39, 23, 41, 30, 29, 27]]
['2021-11-17 16:31:39', [49, 27, 15, 41, 14, 7, 42, 33, 22, 20]]
['2021-11-17 16:31:42', [18, 44, 43, 2, 39, 25, 28, 16, 44, 43]]
['2021-11-17 16:31:45', [37, 45, 47, 26, 7, 26, 36, 44, 27, 43]]
['2021-11-17 16:31:48', [18, 25, 47, 43, 9, 28, 26, 16, 22, 40]]
['2021-11-17 16:31:51', [15, 13, 10, 31, 9, 8, 42, 24, 3, 21]]
['2021-11-17 16:31:53', [42, 23, 32, 17, 45, 20, 11, 36, 18, 38]]
['2021-11-17 16:31:56', [22, 16, 12, 46, 30, 45, 22, 48, 32, 10]]
['2021-11-17 16:32:00', [42, 36, 49, 30, 46, 28, 13, 40, 15, 45]]
['2021-11-17 16:32:06', [37, 22, 18, 27, 41, 32, 19, 32, 44, 24]]
['2021-11-17 16:32:11', [23, 16, 20, 6, 4, 46, 14, 5, 39, 10]]
['2021-11-17 16:32:14', [7, 9, 33, 35, 27, 41, 6, 37, 2, 7]]
['2021-11-17 16:32:17', [24, 46, 6, 37, 47, 46, 11, 2, 49, 37]]
['2021-11-17 16:32:20', [5, 17, 41, 36, 14, 47, 4, 37, 7, 37]]
['2021-11-17 16:32:22', [2, 45, 44, 37, 6, 44, 19, 7, 43, 43]]
['2021-11-17 16:32:25', [24, 25, 19, 4, 24, 44, 34, 32, 19, 3]]
['2021-11-17 16:32:28', [39, 5, 26, 11, 21, 24, 38, 16, 2, 38]]
['2021-11-17 16:32:30', [45, 27, 34, 36, 11, 23, 2, 8, 29, 13]]
['2021-11-17 16:32:34', [4, 3, 3, 37, 33, 41, 12, 46, 30, 27]]
['2021-11-17 16:32:37', [45, 1, 48, 40, 26, 4, 30, 39, 35, 1]]
['2021-11-17 16:32:40', [21, 23, 9, 21, 25, 39, 26, 31, 9, 32]]
['2021-11-17 16:32:44', [9, 18, 35, 41, 28, 17, 49, 21, 13, 17]]
['2021-11-17 16:32:47', [23, 49, 45, 18, 40, 12, 47, 9, 19, 38]]
['2021-11-17 16:32:49', [42, 49, 48, 28, 15, 40, 35, 15, 24, 7]]
['2021-11-17 16:32:52', [24, 44, 44, 2, 32, 26, 31, 43, 46, 3]]
['2021-11-17 16:32:55', [37, 16, 40, 1, 20, 27, 44, 6, 40, 15]]
['2021-11-17 16:32:58', [10, 19, 45, 22, 6, 10, 21, 31, 46, 30]]
['2021-11-17 16:33:01', [45, 10, 49, 8, 32, 32, 37, 9, 21, 17]]
['2021-11-17 16:33:06', [26, 3, 26, 24, 39, 32, 8, 44, 2, 24]]
['2021-11-17 16:33:11', [32, 14, 5, 48, 40, 41, 4, 12, 4, 25]]
['2021-11-17 16:33:13', [16, 24, 32, 15, 35, 5, 11, 19, 24, 16]]
['2021-11-17 16:33:16', [48, 25, 4, 21, 8, 23, 24, 6, 21, 24]]
['2021-11-17 16:33:19', [32, 35, 38, 29, 26, 22, 19, 35, 45, 5]]
['2021-11-17 16:33:20', [45, 26, 36, 13, 20, 36, 47, 3, 28, 15]]
['2021-11-17 16:33:23', [45, 2, 35, 32, 35, 24, 36, 1, 18, 1]]
['2021-11-17 16:33:25', [12, 5, 38, 21, 38, 48, 9, 41, 44, 42]]
['2021-11-17 16:33:27', [1, 16, 42, 4, 6, 30, 47, 43, 17, 23]]
['2021-11-17 16:33:29', [33, 7, 30, 44, 19, 17, 20, 36, 49, 7]]
['2021-11-17 16:33:31', [18, 11, 44, 32, 38, 13, 15, 31, 34, 48]]
['2021-11-17 16:33:33', [10, 38, 28, 8, 28, 11, 37, 32, 42, 3]]
['2021-11-17 16:33:35', [6, 13, 13, 21, 10, 17, 25, 48, 3, 6]]
['2021-11-17 16:33:37', [38, 14, 26, 16, 28, 41, 20, 23, 25, 30]]
['2021-11-17 16:33:39', [12, 24, 44, 18, 3, 21, 25, 42, 27, 22]]
['2021-11-17 16:33:41', [15, 30, 31, 49, 12, 9, 35, 9, 20, 17]]
['2021-11-17 16:33:45', [36, 14, 29, 43, 27, 39, 15, 43, 34, 19]]
['2021-11-17 16:33:46', [27, 3, 46, 47, 37, 45, 29, 9, 33, 48]]
['2021-11-17 16:33:50', [44, 26, 12, 7, 38, 34, 46, 23, 46, 1]]
['2021-11-17 16:33:51', [42, 18, 22, 17, 39, 5, 40, 36, 18, 44]]
['2021-11-17 16:33:54', [42, 19, 27, 18, 45, 32, 29, 32, 19, 47]]
['2021-11-17 16:33:56', [19, 2, 34, 14, 9, 20, 19, 2, 7, 7]]
['2021-11-17 16:33:58', [11, 42, 24, 22, 47, 19, 33, 28, 48, 21]]
['2021-11-17 16:34:00', [49, 46, 5, 16, 11, 27, 30, 48, 2, 29]]
['2021-11-17 16:34:03', [17, 24, 49, 25, 49, 34, 6, 14, 41, 14]]
['2021-11-17 16:34:05', [24, 38, 31, 8, 23, 33, 35, 12, 45, 49]]
['2021-11-17 16:34:08', [35, 17, 25, 23, 10, 11, 38, 27, 3, 27]]
['2021-11-17 16:34:09', [35, 36, 47, 29, 4, 43, 42, 48, 36, 44]]
['2021-11-17 16:34:12', [24, 42, 38, 47, 43, 23, 8, 10, 4, 28]]
['2021-11-17 16:34:13', [37, 27, 24, 32, 30, 21, 34, 33, 37, 31]]
['2021-11-17 16:34:18', [49, 14, 3, 34, 29, 23, 13, 23, 19, 9]]
['2021-11-17 16:34:20', [10, 13, 6, 5, 23, 45, 49, 37, 5, 36]]
['2021-11-17 16:34:23', [37, 33, 14, 41, 12, 6, 4, 20, 15, 34]]
['2021-11-17 16:34:25', [27, 45, 46, 49, 27, 17, 43, 29, 4, 22]]
['2021-11-17 16:34:27', [17, 3, 20, 38, 7, 23, 14, 48, 31, 6]]
['2021-11-17 16:34:29', [42, 49, 34, 26, 27, 41, 27, 13, 36, 20]]
['2021-11-17 16:34:31', [2, 43, 34, 32, 6, 8, 37, 35, 9, 11]]
['2021-11-17 16:34:33', [40, 38, 43, 21, 16, 12, 17, 13, 48, 19]]
['2021-11-17 16:34:35', [22, 17, 8, 47, 13, 14, 6, 47, 21, 46]]
['2021-11-17 16:34:37', [37, 37, 26, 49, 48, 40, 44, 19, 27, 26]]
['2021-11-17 16:34:39', [1, 8, 20, 21, 45, 21, 17, 42, 22, 10]]
['2021-11-17 16:34:41', [5, 30, 33, 15, 35, 27, 17, 7, 26, 29]]
['2021-11-17 16:34:44', [17, 42, 15, 28, 46, 37, 28, 17, 16, 13]]
['2021-11-17 16:34:46', [33, 4, 9, 7, 18, 37, 26, 28, 30, 17]]
['2021-11-17 16:34:48', [1, 17, 21, 38, 3, 8, 13, 17, 35, 24]]
['2021-11-18 15:56:26', [8, 39, 16, 34, 29, 37, 39, 22, 5, 44]]
['2021-11-18 15:56:57', [29, 5, 10, 40, 29, 4, 41, 12, 1, 29]]
['2021-11-18 15:57:28', [3, 15, 21, 24, 14, 2, 39, 35, 19, 35]]
['2021-11-18 15:57:59', [16, 47, 21, 12, 24, 48, 32, 7, 45, 5]]
['2021-11-18 15:58:30', [4, 17, 40, 45, 18, 41, 37, 11, 6, 49]]
['2021-11-18 15:59:00', [49, 38, 41, 34, 34, 37, 1, 19, 27, 20]]
['2021-11-18 15:59:31', [27, 11, 31, 17, 7, 11, 11, 24, 9, 20]]
['2021-11-18 16:00:10', [21, 4, 17, 19, 12, 48, 17, 41, 29, 11]]
['2021-11-18 16:00:41', [22, 1, 44, 2, 36, 19, 26, 32, 37, 1]]
['2021-11-18 16:01:11', [22, 20, 15, 24, 45, 43, 36, 44, 10, 30]]
['2021-11-18 16:01:43', [24, 42, 23, 45, 30, 10, 22, 43, 9, 28]]
['2021-11-18 16:02:14', [18, 42, 5, 39, 36, 21, 46, 42, 47, 48]]
['2021-11-18 16:02:44', [24, 13, 34, 13, 28, 15, 17, 1, 44, 2]]
['2021-11-18 16:03:15', [41, 39, 49, 46, 16, 38, 43, 43, 39, 38]]
['2021-11-18 16:03:46', [20, 25, 36, 19, 47, 28, 30, 24, 30, 40]]
['2021-11-18 16:04:17', [26, 13, 8, 3, 49, 5, 20, 18, 43, 3]]
['2021-11-18 16:04:47', [16, 29, 17, 21, 28, 41, 47, 1, 4, 5]]
['2021-11-18 16:05:19', [48, 24, 17, 20, 31, 22, 2, 36, 39, 18]]
['2021-11-18 16:05:49', [20, 32, 27, 39, 40, 36, 17, 24, 22, 22]]
['2021-11-18 16:06:20', [31, 23, 19, 6, 43, 49, 29, 29, 17, 15]]
['2021-11-18 16:06:51', [25, 17, 29, 8, 13, 12, 47, 25, 36, 18]]
['2021-11-18 16:07:21', [25, 35, 1, 44, 36, 49, 3, 8, 3, 22]]
['2021-11-18 16:07:52', [33, 30, 43, 31, 29, 25, 29, 39, 35, 33]]
['2021-11-18 16:08:22', [43, 9, 34, 46, 17, 2, 5, 9, 42, 9]]
['2021-11-18 16:08:53', [25, 37, 18, 14, 42, 34, 45, 10, 3, 5]]
['2021-11-18 16:09:24', [8, 15, 49, 27, 2, 18, 25, 43, 4, 31]]
['2021-11-18 16:09:54', [14, 37, 15, 26, 8, 38, 45, 31, 32, 17]]
['2021-11-18 16:10:25', [31, 8, 30, 49, 31, 17, 8, 42, 22, 4]]
['2021-11-18 16:10:55', [10, 28, 49, 43, 37, 49, 38, 9, 7, 29]]
['2021-11-18 16:11:26', [20, 36, 25, 8, 32, 18, 11, 37, 23, 36]]
['2021-11-18 16:11:58', [20, 19, 46, 42, 48, 41, 1, 39, 4, 37]]
['2021-11-18 16:12:29', [22, 32, 40, 15, 46, 33, 10, 10, 19, 40]]
['2021-11-18 16:13:00', [9, 46, 1, 2, 9, 13, 20, 41, 40, 3]]
['2021-11-18 16:13:31', [6, 12, 19, 28, 44, 29, 45, 5, 13, 14]]
['2021-11-18 16:14:01', [3, 48, 36, 20, 47, 17, 44, 1, 46, 13]]
['2021-11-18 16:14:32', [4, 25, 7, 43, 37, 37, 21, 15, 49, 7]]
['2021-11-18 16:15:06', [41, 42, 4, 13, 25, 8, 43, 24, 10, 1]]
['2021-11-18 16:15:37', [28, 30, 14, 13, 36, 18, 18, 27, 1, 22]]
['2021-11-18 16:16:10', [12, 22, 31, 10, 44, 46, 10, 16, 22, 3]]
['2021-11-18 16:16:40', [49, 8, 45, 29, 39, 32, 33, 3, 31, 26]]
['2021-11-18 16:17:11', [39, 15, 30, 29, 42, 14, 45, 16, 22, 6]]
['2021-11-18 16:17:41', [43, 31, 10, 10, 33, 20, 29, 17, 11, 32]]
['2021-11-18 16:18:13', [43, 42, 33, 31, 48, 48, 42, 46, 43, 17]]
['2021-11-18 16:18:44', [46, 31, 35, 30, 9, 40, 3, 34, 43, 13]]
['2021-11-18 16:19:14', [27, 31, 25, 15, 30, 6, 38, 45, 11, 4]]
['2021-11-18 16:19:45', [37, 4, 41, 12, 16, 47, 17, 42, 11, 2]]
['2021-11-18 16:20:23', [14, 20, 11, 13, 31, 16, 19, 32, 42, 43]]
['2021-11-18 16:20:55', [42, 7, 18, 42, 13, 10, 44, 39, 2, 38]]
['2021-11-18 16:21:27', [33, 13, 6, 14, 4, 28, 3, 31, 47, 3]]
['2021-11-18 16:21:58', [21, 24, 44, 6, 3, 5, 22, 40, 16, 30]]
['2021-11-18 16:22:30', [40, 29, 16, 4, 11, 9, 29, 22, 19, 45]]
['2021-11-18 16:23:01', [22, 8, 49, 46, 26, 36, 48, 3, 6, 30]]
['2021-11-18 16:23:31', [43, 24, 19, 4, 9, 46, 19, 22, 18, 28]]
['2021-11-18 16:24:01', [13, 2, 41, 21, 26, 3, 22, 45, 33, 6]]
['2021-11-18 16:24:31', [35, 25, 42, 33, 44, 38, 40, 13, 30, 37]]
['2021-11-18 16:25:05', [15, 42, 4, 38, 1, 24, 14, 33, 7, 38]]
['2021-11-18 16:25:36', [11, 42, 41, 27, 9, 31, 22, 14, 19, 6]]
['2021-11-18 16:26:07', [31, 14, 47, 49, 38, 21, 12, 38, 32, 26]]
['2021-11-18 16:26:39', [17, 9, 22, 14, 3, 37, 11, 6, 12, 37]]
['2021-11-18 16:27:11', [14, 5, 6, 16, 20, 25, 23, 20, 37, 26]]
['2021-11-18 16:27:42', [37, 30, 36, 27, 29, 40, 19, 16, 48, 21]]
['2021-11-18 16:28:15', [17, 9, 12, 10, 2, 18, 33, 25, 38, 45]]
['2021-11-18 16:28:46', [12, 27, 27, 35, 39, 5, 11, 3, 39, 41]]
['2021-11-18 16:29:19', [33, 3, 28, 12, 3, 7, 2, 22, 22, 40]]
['2021-11-18 16:29:50', [45, 26, 29, 9, 9, 48, 12, 29, 11, 26]]
['2021-11-18 16:30:21', [11, 41, 42, 3, 8, 41, 15, 23, 41, 9]]
['2021-11-18 16:30:51', [49, 48, 17, 23, 33, 28, 30, 40, 37, 13]]
['2021-11-18 16:31:22', [29, 10, 38, 40, 1, 17, 15, 33, 42, 14]]
['2021-11-18 16:31:53', [42, 9, 39, 36, 5, 17, 1, 10, 8, 44]]
['2021-11-18 16:32:28', [45, 3, 30, 35, 43, 47, 24, 1, 41, 13]]
['2021-11-18 16:32:59', [2, 11, 26, 32, 34, 34, 48, 26, 4, 19]]
['2021-11-18 16:33:31', [28, 1, 5, 39, 13, 11, 7, 32, 13, 25]]
['2021-11-18 16:34:02', [32, 20, 7, 22, 39, 10, 14, 14, 25, 23]]
['2021-11-18 16:34:32', [42, 15, 23, 6, 7, 41, 7, 40, 8, 35]]
['2021-11-18 16:35:34', [10, 35, 3, 36, 29, 34, 48, 27, 24, 40]]
['2021-11-18 16:36:07', [18, 37, 28, 43, 25, 36, 47, 1, 29, 24]]
['2021-11-18 16:36:38', [17, 45, 17, 32, 44, 43, 43, 21, 39, 22]]
['2021-11-18 16:37:15', [3, 8, 7, 2, 17, 44, 32, 34, 34, 46]]
['2021-11-18 16:37:45', [1, 8, 16, 30, 38, 12, 33, 49, 38, 5]]
['2021-11-18 16:38:18', [6, 16, 5, 35, 35, 43, 6, 46, 25, 42]]
['2021-11-18 16:38:49', [21, 21, 21, 19, 10, 24, 6, 21, 24, 20]]
['2021-11-18 16:39:21', [43, 20, 44, 28, 47, 34, 26, 17, 15, 25]]
['2021-11-18 16:39:52', [5, 41, 46, 4, 40, 25, 38, 21, 18, 39]]
['2021-11-18 16:40:25', [49, 49, 34, 3, 43, 16, 18, 22, 26, 46]]
['2021-11-18 16:40:55', [48, 37, 10, 1, 14, 18, 38, 3, 33, 48]]
['2021-11-18 16:41:26', [20, 4, 1, 4, 16, 23, 46, 28, 39, 17]]
['2021-11-18 16:41:57', [18, 33, 17, 17, 23, 3, 16, 27, 10, 15]]
['2021-11-18 16:42:28', [27, 3, 31, 25, 12, 2, 43, 30, 26, 29]]
['2021-11-18 16:42:59', [40, 40, 3, 42, 19, 11, 25, 19, 43, 42]]
['2021-11-18 16:43:29', [39, 46, 49, 1, 8, 35, 28, 5, 30, 45]]
['2021-11-18 16:44:01', [39, 47, 18, 30, 49, 6, 7, 45, 19, 11]]
['2021-11-18 16:44:43', [33, 11, 12, 18, 9, 33, 44, 11, 32, 22]]
['2021-11-18 16:45:15', [8, 2, 5, 40, 5, 37, 4, 8, 12, 23]]
['2021-11-18 16:45:45', [44, 22, 47, 1, 22, 40, 42, 29, 18, 16]]
['2021-11-18 16:46:22', [36, 29, 7, 20, 42, 4, 19, 19, 16, 38]]
['2021-11-18 16:46:54', [40, 44, 13, 49, 46, 21, 1, 11, 40, 49]]
['2021-11-18 16:47:25', [40, 21, 36, 40, 28, 25, 43, 47, 40, 11]]
['2021-11-18 16:47:55', [29, 37, 28, 46, 18, 49, 38, 24, 31, 27]]
['2021-11-18 16:48:26', [10, 7, 15, 36, 14, 23, 32, 49, 39, 41]]
['2021-11-18 16:48:56', [27, 3, 2, 43, 46, 1, 40, 44, 42, 3]]
['2021-11-18 16:49:33', [16, 7, 16, 40, 4, 27, 17, 37, 27, 40]]
['2021-11-18 16:50:07', [48, 1, 11, 17, 8, 22, 32, 30, 48, 46]]
['2021-11-18 16:50:51', [20, 42, 1, 1, 39, 25, 20, 40, 29, 8]]
['2021-11-18 16:51:37', [17, 29, 31, 9, 9, 13, 39, 32, 6, 28]]
['2021-11-18 16:52:08', [2, 43, 45, 40, 35, 20, 15, 23, 6, 26]]
['2021-11-18 16:52:38', [22, 4, 6, 2, 41, 10, 9, 25, 10, 45]]
['2021-11-18 16:53:09', [1, 28, 27, 4, 36, 43, 36, 10, 2, 22]]
['2021-11-18 16:53:40', [25, 45, 48, 6, 27, 32, 10, 20, 46, 23]]
['2021-11-18 16:54:15', [35, 48, 21, 5, 48, 39, 23, 49, 10, 43]]
['2021-11-18 16:54:46', [49, 16, 48, 20, 8, 6, 35, 39, 39, 24]]
['2021-11-18 16:55:26', [27, 25, 14, 6, 19, 10, 38, 25, 27, 29]]
['2021-11-18 16:55:57', [38, 38, 39, 18, 30, 45, 2, 34, 3, 23]]
['2021-11-18 16:56:41', [4, 9, 10, 23, 14, 5, 12, 48, 22, 45]]
['2021-11-18 16:57:22', [29, 15, 42, 20, 25, 26, 8, 44, 44, 11]]
['2021-11-18 16:57:53', [47, 30, 25, 2, 14, 48, 13, 15, 20, 14]]
['2021-11-18 16:58:40', [39, 3, 45, 29, 37, 2, 15, 4, 46, 38]]
['2021-11-18 16:59:15', [38, 5, 15, 12, 29, 44, 30, 36, 5, 24]]
['2021-11-18 16:59:46', [20, 1, 37, 49, 45, 32, 30, 3, 15, 44]]
['2021-11-18 17:00:20', [9, 49, 49, 4, 19, 3, 47, 40, 43, 29]]
['2021-11-18 17:00:51', [26, 30, 12, 20, 41, 41, 7, 9, 45, 47]]
['2021-11-18 17:01:27', [42, 41, 37, 12, 13, 15, 35, 48, 5, 30]]
['2021-11-18 17:01:57', [38, 11, 46, 41, 39, 36, 6, 1, 2, 15]]
['2021-11-18 17:02:28', [14, 49, 16, 9, 37, 23, 13, 34, 14, 3]]
['2021-11-18 17:02:59', [15, 10, 2, 46, 17, 28, 36, 31, 31, 37]]
['2021-11-18 17:03:32', [20, 49, 45, 21, 38, 41, 3, 45, 21, 9]]
['2021-11-18 17:04:06', [23, 45, 20, 22, 1, 17, 44, 40, 41, 30]]
['2021-11-18 17:04:38', [29, 7, 34, 34, 7, 38, 37, 22, 38, 25]]
['2021-11-18 17:05:11', [27, 4, 9, 11, 37, 4, 47, 46, 6, 49]]
['2021-11-18 17:05:42', [36, 4, 21, 25, 23, 18, 7, 11, 34, 3]]
['2021-11-18 17:06:14', [45, 45, 38, 34, 47, 33, 17, 34, 41, 41]]
['2021-11-18 17:06:46', [2, 14, 29, 3, 35, 20, 29, 47, 36, 14]]
['2021-11-18 17:07:20', [4, 2, 31, 36, 13, 31, 29, 49, 31, 33]]
['2021-11-18 17:07:50', [27, 3, 45, 2, 33, 33, 18, 46, 23, 22]]
['2021-11-18 17:08:22', [4, 5, 18, 11, 2, 30, 39, 19, 28, 4]]
['2021-11-18 17:08:52', [11, 13, 2, 9, 34, 18, 31, 3, 49, 36]]
['2021-11-18 17:09:41', [34, 6, 12, 12, 1, 44, 1, 37, 18, 44]]
['2021-11-18 17:10:24', [29, 35, 2, 18, 11, 10, 38, 15, 38, 4]]
['2021-11-18 17:10:58', [48, 49, 40, 10, 15, 43, 42, 12, 29, 22]]
['2021-11-18 17:11:29', [32, 10, 27, 43, 24, 20, 16, 10, 15, 28]]
['2021-11-18 17:12:01', [7, 1, 8, 44, 49, 44, 15, 36, 33, 38]]
['2021-11-18 17:12:32', [8, 19, 26, 21, 46, 10, 3, 7, 32, 8]]
['2021-11-18 17:13:05', [42, 27, 48, 27, 46, 41, 17, 32, 34, 10]]
['2021-11-18 17:13:36', [42, 43, 34, 40, 13, 49, 9, 5, 36, 21]]
['2021-11-18 17:14:07', [19, 18, 12, 39, 46, 23, 43, 34, 20, 8]]
['2021-11-18 17:14:38', [47, 18, 46, 36, 43, 10, 11, 40, 26, 39]]
['2021-11-18 17:15:16', [18, 9, 28, 15, 8, 47, 7, 36, 15, 31]]
['2021-11-18 17:15:48', [27, 40, 21, 14, 43, 48, 16, 45, 40, 23]]
['2021-11-18 17:16:21', [19, 37, 48, 16, 3, 37, 12, 14, 15, 20]]
['2021-11-18 17:16:51', [19, 17, 6, 15, 23, 3, 25, 28, 28, 1]]
['2021-11-18 17:17:22', [12, 24, 6, 9, 40, 42, 40, 15, 49, 29]]
['2021-11-18 17:17:53', [10, 3, 9, 11, 30, 43, 38, 45, 39, 33]]
